time	MYA	Ext
1	4000	
2	3999	
3	3998	
4	3997	
5	3996	
6	3995	
7	3994	
8	3993	
9	3992	
10	3991	
11	3990	
12	3989	
13	3988	
14	3987	
15	3986	
16	3985	
17	3984	
18	3983	
19	3982	
20	3981	
21	3980	
22	3979	
23	3978	
24	3977	
25	3976	
26	3975	
27	3974	
28	3973	
29	3972	
30	3971	
31	3970	
32	3969	
33	3968	
34	3967	
35	3966	
36	3965	
37	3964	
38	3963	
39	3962	
40	3961	
41	3960	
42	3959	
43	3958	
44	3957	
45	3956	
46	3955	
47	3954	
48	3953	
49	3952	
50	3951	
51	3950	
52	3949	
53	3948	
54	3947	
55	3946	
56	3945	
57	3944	
58	3943	
59	3942	
60	3941	
61	3940	
62	3939	
63	3938	
64	3937	
65	3936	
66	3935	
67	3934	
68	3933	
69	3932	
70	3931	
71	3930	
72	3929	
73	3928	
74	3927	
75	3926	
76	3925	
77	3924	
78	3923	
79	3922	
80	3921	
81	3920	
82	3919	
83	3918	
84	3917	
85	3916	
86	3915	
87	3914	
88	3913	
89	3912	
90	3911	
91	3910	
92	3909	
93	3908	
94	3907	
95	3906	
96	3905	
97	3904	
98	3903	
99	3902	
100	3901	
101	3900	
102	3899	
103	3898	
104	3897	
105	3896	
106	3895	
107	3894	
108	3893	
109	3892	
110	3891	
111	3890	
112	3889	
113	3888	
114	3887	
115	3886	
116	3885	
117	3884	
118	3883	
119	3882	
120	3881	
121	3880	
122	3879	
123	3878	
124	3877	
125	3876	
126	3875	
127	3874	
128	3873	
129	3872	
130	3871	
131	3870	
132	3869	
133	3868	
134	3867	
135	3866	
136	3865	
137	3864	
138	3863	
139	3862	
140	3861	
141	3860	
142	3859	
143	3858	
144	3857	
145	3856	
146	3855	
147	3854	
148	3853	
149	3852	
150	3851	
151	3850	
152	3849	
153	3848	
154	3847	
155	3846	
156	3845	
157	3844	
158	3843	
159	3842	
160	3841	
161	3840	
162	3839	
163	3838	
164	3837	
165	3836	
166	3835	
167	3834	
168	3833	
169	3832	
170	3831	
171	3830	
172	3829	
173	3828	
174	3827	
175	3826	
176	3825	
177	3824	
178	3823	
179	3822	
180	3821	
181	3820	
182	3819	
183	3818	
184	3817	
185	3816	
186	3815	
187	3814	
188	3813	
189	3812	
190	3811	
191	3810	
192	3809	
193	3808	
194	3807	
195	3806	
196	3805	
197	3804	
198	3803	
199	3802	
200	3801	
201	3800	
202	3799	
203	3798	
204	3797	
205	3796	
206	3795	
207	3794	
208	3793	
209	3792	
210	3791	
211	3790	
212	3789	
213	3788	
214	3787	
215	3786	
216	3785	
217	3784	
218	3783	
219	3782	
220	3781	
221	3780	
222	3779	
223	3778	
224	3777	
225	3776	
226	3775	
227	3774	
228	3773	
229	3772	
230	3771	
231	3770	
232	3769	
233	3768	
234	3767	
235	3766	
236	3765	
237	3764	
238	3763	
239	3762	
240	3761	
241	3760	
242	3759	
243	3758	
244	3757	
245	3756	
246	3755	
247	3754	
248	3753	
249	3752	
250	3751	
251	3750	
252	3749	
253	3748	
254	3747	
255	3746	
256	3745	
257	3744	
258	3743	
259	3742	
260	3741	
261	3740	
262	3739	
263	3738	
264	3737	
265	3736	
266	3735	
267	3734	
268	3733	
269	3732	
270	3731	
271	3730	
272	3729	
273	3728	
274	3727	
275	3726	
276	3725	
277	3724	
278	3723	
279	3722	
280	3721	
281	3720	
282	3719	
283	3718	
284	3717	
285	3716	
286	3715	
287	3714	
288	3713	
289	3712	
290	3711	
291	3710	
292	3709	
293	3708	
294	3707	
295	3706	
296	3705	
297	3704	
298	3703	
299	3702	
300	3701	
301	3700	
302	3699	
303	3698	
304	3697	
305	3696	
306	3695	
307	3694	
308	3693	
309	3692	
310	3691	
311	3690	
312	3689	
313	3688	
314	3687	
315	3686	
316	3685	
317	3684	
318	3683	
319	3682	
320	3681	
321	3680	
322	3679	
323	3678	
324	3677	
325	3676	
326	3675	
327	3674	
328	3673	
329	3672	
330	3671	
331	3670	
332	3669	
333	3668	
334	3667	
335	3666	
336	3665	
337	3664	
338	3663	
339	3662	
340	3661	
341	3660	
342	3659	
343	3658	
344	3657	
345	3656	
346	3655	
347	3654	
348	3653	
349	3652	
350	3651	
351	3650	
352	3649	
353	3648	
354	3647	
355	3646	
356	3645	
357	3644	
358	3643	
359	3642	
360	3641	
361	3640	
362	3639	
363	3638	
364	3637	
365	3636	
366	3635	
367	3634	
368	3633	
369	3632	
370	3631	
371	3630	
372	3629	
373	3628	
374	3627	
375	3626	
376	3625	
377	3624	
378	3623	
379	3622	
380	3621	
381	3620	
382	3619	
383	3618	
384	3617	
385	3616	
386	3615	
387	3614	
388	3613	
389	3612	
390	3611	
391	3610	
392	3609	
393	3608	
394	3607	
395	3606	
396	3605	
397	3604	
398	3603	
399	3602	
400	3601	
401	3600	
402	3599	
403	3598	
404	3597	
405	3596	
406	3595	
407	3594	
408	3593	
409	3592	
410	3591	
411	3590	
412	3589	
413	3588	
414	3587	
415	3586	
416	3585	
417	3584	
418	3583	
419	3582	
420	3581	
421	3580	
422	3579	
423	3578	
424	3577	
425	3576	
426	3575	
427	3574	
428	3573	
429	3572	
430	3571	
431	3570	
432	3569	
433	3568	
434	3567	
435	3566	
436	3565	
437	3564	
438	3563	
439	3562	
440	3561	
441	3560	
442	3559	
443	3558	
444	3557	
445	3556	
446	3555	
447	3554	
448	3553	
449	3552	
450	3551	
451	3550	
452	3549	
453	3548	
454	3547	
455	3546	
456	3545	
457	3544	
458	3543	
459	3542	
460	3541	
461	3540	
462	3539	
463	3538	
464	3537	
465	3536	
466	3535	
467	3534	
468	3533	
469	3532	
470	3531	
471	3530	
472	3529	
473	3528	
474	3527	
475	3526	
476	3525	
477	3524	
478	3523	
479	3522	
480	3521	
481	3520	
482	3519	
483	3518	
484	3517	
485	3516	
486	3515	
487	3514	
488	3513	
489	3512	
490	3511	
491	3510	
492	3509	
493	3508	
494	3507	
495	3506	
496	3505	
497	3504	
498	3503	
499	3502	
500	3501	
501	3500	
502	3499	
503	3498	
504	3497	
505	3496	
506	3495	
507	3494	
508	3493	
509	3492	
510	3491	
511	3490	
512	3489	
513	3488	
514	3487	
515	3486	
516	3485	
517	3484	
518	3483	
519	3482	
520	3481	
521	3480	
522	3479	
523	3478	
524	3477	
525	3476	
526	3475	
527	3474	
528	3473	
529	3472	
530	3471	
531	3470	
532	3469	
533	3468	
534	3467	
535	3466	
536	3465	
537	3464	
538	3463	
539	3462	
540	3461	
541	3460	
542	3459	
543	3458	
544	3457	
545	3456	
546	3455	
547	3454	
548	3453	
549	3452	
550	3451	
551	3450	
552	3449	
553	3448	
554	3447	
555	3446	
556	3445	
557	3444	
558	3443	
559	3442	
560	3441	
561	3440	
562	3439	
563	3438	
564	3437	
565	3436	
566	3435	
567	3434	
568	3433	
569	3432	
570	3431	
571	3430	
572	3429	
573	3428	
574	3427	
575	3426	
576	3425	
577	3424	
578	3423	
579	3422	
580	3421	
581	3420	
582	3419	
583	3418	
584	3417	
585	3416	
586	3415	
587	3414	
588	3413	
589	3412	
590	3411	
591	3410	
592	3409	
593	3408	
594	3407	
595	3406	
596	3405	
597	3404	
598	3403	
599	3402	
600	3401	
601	3400	
602	3399	
603	3398	
604	3397	
605	3396	
606	3395	
607	3394	
608	3393	
609	3392	
610	3391	
611	3390	
612	3389	
613	3388	
614	3387	
615	3386	
616	3385	
617	3384	
618	3383	
619	3382	
620	3381	
621	3380	
622	3379	
623	3378	
624	3377	
625	3376	
626	3375	
627	3374	
628	3373	
629	3372	
630	3371	
631	3370	
632	3369	
633	3368	
634	3367	
635	3366	
636	3365	
637	3364	
638	3363	
639	3362	
640	3361	
641	3360	
642	3359	
643	3358	
644	3357	
645	3356	
646	3355	
647	3354	
648	3353	
649	3352	
650	3351	
651	3350	
652	3349	
653	3348	
654	3347	
655	3346	
656	3345	
657	3344	
658	3343	
659	3342	
660	3341	
661	3340	
662	3339	
663	3338	
664	3337	
665	3336	
666	3335	
667	3334	
668	3333	
669	3332	
670	3331	
671	3330	
672	3329	
673	3328	
674	3327	
675	3326	
676	3325	
677	3324	
678	3323	
679	3322	
680	3321	
681	3320	
682	3319	
683	3318	
684	3317	
685	3316	
686	3315	
687	3314	
688	3313	
689	3312	
690	3311	
691	3310	
692	3309	
693	3308	
694	3307	
695	3306	
696	3305	
697	3304	
698	3303	
699	3302	
700	3301	
701	3300	
702	3299	
703	3298	
704	3297	
705	3296	
706	3295	
707	3294	
708	3293	
709	3292	
710	3291	
711	3290	
712	3289	
713	3288	
714	3287	
715	3286	
716	3285	
717	3284	
718	3283	
719	3282	
720	3281	
721	3280	
722	3279	
723	3278	
724	3277	
725	3276	
726	3275	
727	3274	
728	3273	
729	3272	
730	3271	
731	3270	
732	3269	
733	3268	
734	3267	
735	3266	
736	3265	
737	3264	
738	3263	
739	3262	
740	3261	
741	3260	
742	3259	
743	3258	
744	3257	
745	3256	
746	3255	
747	3254	
748	3253	
749	3252	
750	3251	
751	3250	
752	3249	
753	3248	
754	3247	
755	3246	
756	3245	
757	3244	
758	3243	
759	3242	
760	3241	
761	3240	
762	3239	
763	3238	
764	3237	
765	3236	
766	3235	
767	3234	
768	3233	
769	3232	
770	3231	
771	3230	
772	3229	
773	3228	
774	3227	
775	3226	
776	3225	
777	3224	
778	3223	
779	3222	
780	3221	
781	3220	
782	3219	
783	3218	
784	3217	
785	3216	
786	3215	
787	3214	
788	3213	
789	3212	
790	3211	
791	3210	
792	3209	
793	3208	
794	3207	
795	3206	
796	3205	
797	3204	
798	3203	
799	3202	
800	3201	
801	3200	
802	3199	
803	3198	
804	3197	
805	3196	
806	3195	
807	3194	
808	3193	
809	3192	
810	3191	
811	3190	
812	3189	
813	3188	
814	3187	
815	3186	
816	3185	
817	3184	
818	3183	
819	3182	
820	3181	
821	3180	
822	3179	
823	3178	
824	3177	
825	3176	
826	3175	
827	3174	
828	3173	
829	3172	
830	3171	
831	3170	
832	3169	
833	3168	
834	3167	
835	3166	
836	3165	
837	3164	
838	3163	
839	3162	
840	3161	
841	3160	
842	3159	
843	3158	
844	3157	
845	3156	
846	3155	
847	3154	
848	3153	
849	3152	
850	3151	
851	3150	
852	3149	
853	3148	
854	3147	
855	3146	
856	3145	
857	3144	
858	3143	
859	3142	
860	3141	
861	3140	
862	3139	
863	3138	
864	3137	
865	3136	
866	3135	
867	3134	
868	3133	
869	3132	
870	3131	
871	3130	
872	3129	
873	3128	
874	3127	
875	3126	
876	3125	
877	3124	
878	3123	
879	3122	
880	3121	
881	3120	
882	3119	
883	3118	
884	3117	
885	3116	
886	3115	
887	3114	
888	3113	
889	3112	
890	3111	
891	3110	
892	3109	
893	3108	
894	3107	
895	3106	
896	3105	
897	3104	
898	3103	
899	3102	
900	3101	
901	3100	
902	3099	
903	3098	
904	3097	
905	3096	
906	3095	
907	3094	
908	3093	
909	3092	
910	3091	
911	3090	
912	3089	
913	3088	
914	3087	
915	3086	
916	3085	
917	3084	
918	3083	
919	3082	
920	3081	
921	3080	
922	3079	
923	3078	
924	3077	
925	3076	
926	3075	
927	3074	
928	3073	
929	3072	
930	3071	
931	3070	
932	3069	
933	3068	
934	3067	
935	3066	
936	3065	
937	3064	
938	3063	
939	3062	
940	3061	
941	3060	
942	3059	
943	3058	
944	3057	
945	3056	
946	3055	
947	3054	
948	3053	
949	3052	
950	3051	
951	3050	
952	3049	
953	3048	
954	3047	
955	3046	
956	3045	
957	3044	
958	3043	
959	3042	
960	3041	
961	3040	
962	3039	
963	3038	
964	3037	
965	3036	
966	3035	
967	3034	
968	3033	
969	3032	
970	3031	
971	3030	
972	3029	
973	3028	
974	3027	
975	3026	
976	3025	
977	3024	
978	3023	
979	3022	
980	3021	
981	3020	
982	3019	
983	3018	
984	3017	
985	3016	
986	3015	
987	3014	
988	3013	
989	3012	
990	3011	
991	3010	
992	3009	
993	3008	
994	3007	
995	3006	
996	3005	
997	3004	
998	3003	
999	3002	
1000	3001	
1001	3000	
1002	2999	
1003	2998	
1004	2997	
1005	2996	
1006	2995	
1007	2994	
1008	2993	
1009	2992	
1010	2991	
1011	2990	
1012	2989	
1013	2988	
1014	2987	
1015	2986	
1016	2985	
1017	2984	
1018	2983	
1019	2982	
1020	2981	
1021	2980	
1022	2979	
1023	2978	
1024	2977	
1025	2976	
1026	2975	
1027	2974	
1028	2973	
1029	2972	
1030	2971	
1031	2970	
1032	2969	
1033	2968	
1034	2967	
1035	2966	
1036	2965	
1037	2964	
1038	2963	
1039	2962	
1040	2961	
1041	2960	
1042	2959	
1043	2958	
1044	2957	
1045	2956	
1046	2955	
1047	2954	
1048	2953	
1049	2952	
1050	2951	
1051	2950	
1052	2949	
1053	2948	
1054	2947	
1055	2946	
1056	2945	
1057	2944	
1058	2943	
1059	2942	
1060	2941	
1061	2940	
1062	2939	
1063	2938	
1064	2937	
1065	2936	
1066	2935	
1067	2934	
1068	2933	
1069	2932	
1070	2931	
1071	2930	
1072	2929	
1073	2928	
1074	2927	
1075	2926	
1076	2925	
1077	2924	
1078	2923	
1079	2922	
1080	2921	
1081	2920	
1082	2919	
1083	2918	
1084	2917	
1085	2916	
1086	2915	
1087	2914	
1088	2913	
1089	2912	
1090	2911	
1091	2910	
1092	2909	
1093	2908	
1094	2907	
1095	2906	
1096	2905	
1097	2904	
1098	2903	
1099	2902	
1100	2901	
1101	2900	
1102	2899	
1103	2898	
1104	2897	
1105	2896	
1106	2895	
1107	2894	
1108	2893	
1109	2892	
1110	2891	
1111	2890	
1112	2889	
1113	2888	
1114	2887	
1115	2886	
1116	2885	
1117	2884	
1118	2883	
1119	2882	
1120	2881	
1121	2880	
1122	2879	
1123	2878	
1124	2877	
1125	2876	
1126	2875	
1127	2874	
1128	2873	
1129	2872	
1130	2871	
1131	2870	
1132	2869	
1133	2868	
1134	2867	
1135	2866	
1136	2865	
1137	2864	
1138	2863	
1139	2862	
1140	2861	
1141	2860	
1142	2859	
1143	2858	
1144	2857	
1145	2856	
1146	2855	
1147	2854	
1148	2853	
1149	2852	
1150	2851	
1151	2850	
1152	2849	
1153	2848	
1154	2847	
1155	2846	
1156	2845	
1157	2844	
1158	2843	
1159	2842	
1160	2841	
1161	2840	
1162	2839	
1163	2838	
1164	2837	
1165	2836	
1166	2835	
1167	2834	
1168	2833	
1169	2832	
1170	2831	
1171	2830	
1172	2829	
1173	2828	
1174	2827	
1175	2826	
1176	2825	
1177	2824	
1178	2823	
1179	2822	
1180	2821	
1181	2820	
1182	2819	
1183	2818	
1184	2817	
1185	2816	
1186	2815	
1187	2814	
1188	2813	
1189	2812	
1190	2811	
1191	2810	
1192	2809	
1193	2808	
1194	2807	
1195	2806	
1196	2805	
1197	2804	
1198	2803	
1199	2802	
1200	2801	
1201	2800	
1202	2799	
1203	2798	
1204	2797	
1205	2796	
1206	2795	
1207	2794	
1208	2793	
1209	2792	
1210	2791	
1211	2790	
1212	2789	
1213	2788	
1214	2787	
1215	2786	
1216	2785	
1217	2784	
1218	2783	
1219	2782	
1220	2781	
1221	2780	
1222	2779	
1223	2778	
1224	2777	
1225	2776	
1226	2775	
1227	2774	
1228	2773	
1229	2772	
1230	2771	
1231	2770	
1232	2769	
1233	2768	
1234	2767	
1235	2766	
1236	2765	
1237	2764	
1238	2763	
1239	2762	
1240	2761	
1241	2760	
1242	2759	
1243	2758	
1244	2757	
1245	2756	
1246	2755	
1247	2754	
1248	2753	
1249	2752	
1250	2751	
1251	2750	
1252	2749	
1253	2748	
1254	2747	
1255	2746	
1256	2745	
1257	2744	
1258	2743	
1259	2742	
1260	2741	
1261	2740	
1262	2739	
1263	2738	
1264	2737	
1265	2736	
1266	2735	
1267	2734	
1268	2733	
1269	2732	
1270	2731	
1271	2730	
1272	2729	
1273	2728	
1274	2727	
1275	2726	
1276	2725	
1277	2724	
1278	2723	
1279	2722	
1280	2721	
1281	2720	
1282	2719	
1283	2718	
1284	2717	
1285	2716	
1286	2715	
1287	2714	
1288	2713	
1289	2712	
1290	2711	
1291	2710	
1292	2709	
1293	2708	
1294	2707	
1295	2706	
1296	2705	
1297	2704	
1298	2703	
1299	2702	
1300	2701	
1301	2700	
1302	2699	
1303	2698	
1304	2697	
1305	2696	
1306	2695	
1307	2694	
1308	2693	
1309	2692	
1310	2691	
1311	2690	
1312	2689	
1313	2688	
1314	2687	
1315	2686	
1316	2685	
1317	2684	
1318	2683	
1319	2682	
1320	2681	
1321	2680	
1322	2679	
1323	2678	
1324	2677	
1325	2676	
1326	2675	
1327	2674	
1328	2673	
1329	2672	
1330	2671	
1331	2670	
1332	2669	
1333	2668	
1334	2667	
1335	2666	
1336	2665	
1337	2664	
1338	2663	
1339	2662	
1340	2661	
1341	2660	
1342	2659	
1343	2658	
1344	2657	
1345	2656	
1346	2655	
1347	2654	
1348	2653	
1349	2652	
1350	2651	
1351	2650	
1352	2649	
1353	2648	
1354	2647	
1355	2646	
1356	2645	
1357	2644	
1358	2643	
1359	2642	
1360	2641	
1361	2640	
1362	2639	
1363	2638	
1364	2637	
1365	2636	
1366	2635	
1367	2634	
1368	2633	
1369	2632	
1370	2631	
1371	2630	
1372	2629	
1373	2628	
1374	2627	
1375	2626	
1376	2625	
1377	2624	
1378	2623	
1379	2622	
1380	2621	
1381	2620	
1382	2619	
1383	2618	
1384	2617	
1385	2616	
1386	2615	
1387	2614	
1388	2613	
1389	2612	
1390	2611	
1391	2610	
1392	2609	
1393	2608	
1394	2607	
1395	2606	
1396	2605	
1397	2604	
1398	2603	
1399	2602	
1400	2601	
1401	2600	
1402	2599	
1403	2598	
1404	2597	
1405	2596	
1406	2595	
1407	2594	
1408	2593	
1409	2592	
1410	2591	
1411	2590	
1412	2589	
1413	2588	
1414	2587	
1415	2586	
1416	2585	
1417	2584	
1418	2583	
1419	2582	
1420	2581	
1421	2580	
1422	2579	
1423	2578	
1424	2577	
1425	2576	
1426	2575	
1427	2574	
1428	2573	
1429	2572	
1430	2571	
1431	2570	
1432	2569	
1433	2568	
1434	2567	
1435	2566	
1436	2565	
1437	2564	
1438	2563	
1439	2562	
1440	2561	
1441	2560	
1442	2559	
1443	2558	
1444	2557	
1445	2556	
1446	2555	
1447	2554	
1448	2553	
1449	2552	
1450	2551	
1451	2550	
1452	2549	
1453	2548	
1454	2547	
1455	2546	
1456	2545	
1457	2544	
1458	2543	
1459	2542	
1460	2541	
1461	2540	
1462	2539	
1463	2538	
1464	2537	
1465	2536	
1466	2535	
1467	2534	
1468	2533	
1469	2532	
1470	2531	
1471	2530	
1472	2529	
1473	2528	
1474	2527	
1475	2526	
1476	2525	
1477	2524	
1478	2523	
1479	2522	
1480	2521	
1481	2520	
1482	2519	
1483	2518	
1484	2517	
1485	2516	
1486	2515	
1487	2514	
1488	2513	
1489	2512	
1490	2511	
1491	2510	
1492	2509	
1493	2508	
1494	2507	
1495	2506	
1496	2505	
1497	2504	
1498	2503	
1499	2502	
1500	2501	
1501	2500	
1502	2499	
1503	2498	
1504	2497	
1505	2496	
1506	2495	
1507	2494	
1508	2493	
1509	2492	
1510	2491	
1511	2490	
1512	2489	
1513	2488	
1514	2487	
1515	2486	
1516	2485	
1517	2484	
1518	2483	
1519	2482	
1520	2481	
1521	2480	
1522	2479	
1523	2478	
1524	2477	
1525	2476	
1526	2475	
1527	2474	
1528	2473	
1529	2472	
1530	2471	
1531	2470	
1532	2469	
1533	2468	
1534	2467	
1535	2466	
1536	2465	
1537	2464	
1538	2463	
1539	2462	
1540	2461	
1541	2460	
1542	2459	
1543	2458	
1544	2457	
1545	2456	
1546	2455	
1547	2454	
1548	2453	
1549	2452	
1550	2451	
1551	2450	
1552	2449	
1553	2448	
1554	2447	
1555	2446	
1556	2445	
1557	2444	
1558	2443	
1559	2442	
1560	2441	
1561	2440	
1562	2439	
1563	2438	
1564	2437	
1565	2436	
1566	2435	
1567	2434	
1568	2433	
1569	2432	
1570	2431	
1571	2430	
1572	2429	
1573	2428	
1574	2427	
1575	2426	
1576	2425	
1577	2424	
1578	2423	
1579	2422	
1580	2421	
1581	2420	
1582	2419	
1583	2418	
1584	2417	
1585	2416	
1586	2415	
1587	2414	
1588	2413	
1589	2412	
1590	2411	
1591	2410	
1592	2409	
1593	2408	
1594	2407	
1595	2406	
1596	2405	
1597	2404	
1598	2403	
1599	2402	
1600	2401	
1601	2400	
1602	2399	
1603	2398	
1604	2397	
1605	2396	
1606	2395	
1607	2394	
1608	2393	
1609	2392	
1610	2391	
1611	2390	
1612	2389	
1613	2388	
1614	2387	
1615	2386	
1616	2385	
1617	2384	
1618	2383	
1619	2382	
1620	2381	
1621	2380	
1622	2379	
1623	2378	
1624	2377	
1625	2376	
1626	2375	
1627	2374	
1628	2373	
1629	2372	
1630	2371	
1631	2370	
1632	2369	
1633	2368	
1634	2367	
1635	2366	
1636	2365	
1637	2364	
1638	2363	
1639	2362	
1640	2361	
1641	2360	
1642	2359	
1643	2358	
1644	2357	
1645	2356	
1646	2355	
1647	2354	
1648	2353	
1649	2352	
1650	2351	
1651	2350	
1652	2349	
1653	2348	
1654	2347	
1655	2346	
1656	2345	
1657	2344	
1658	2343	
1659	2342	
1660	2341	
1661	2340	
1662	2339	
1663	2338	
1664	2337	
1665	2336	
1666	2335	
1667	2334	
1668	2333	
1669	2332	
1670	2331	
1671	2330	
1672	2329	
1673	2328	
1674	2327	
1675	2326	
1676	2325	
1677	2324	
1678	2323	
1679	2322	
1680	2321	
1681	2320	
1682	2319	
1683	2318	
1684	2317	
1685	2316	
1686	2315	
1687	2314	
1688	2313	
1689	2312	
1690	2311	
1691	2310	
1692	2309	
1693	2308	
1694	2307	
1695	2306	
1696	2305	
1697	2304	
1698	2303	
1699	2302	
1700	2301	
1701	2300	
1702	2299	
1703	2298	
1704	2297	
1705	2296	
1706	2295	
1707	2294	
1708	2293	
1709	2292	
1710	2291	
1711	2290	
1712	2289	
1713	2288	
1714	2287	
1715	2286	
1716	2285	
1717	2284	
1718	2283	
1719	2282	
1720	2281	
1721	2280	
1722	2279	
1723	2278	
1724	2277	
1725	2276	
1726	2275	
1727	2274	
1728	2273	
1729	2272	
1730	2271	
1731	2270	
1732	2269	
1733	2268	
1734	2267	
1735	2266	
1736	2265	
1737	2264	
1738	2263	
1739	2262	
1740	2261	
1741	2260	
1742	2259	
1743	2258	
1744	2257	
1745	2256	
1746	2255	
1747	2254	
1748	2253	
1749	2252	
1750	2251	
1751	2250	
1752	2249	
1753	2248	
1754	2247	
1755	2246	
1756	2245	
1757	2244	
1758	2243	
1759	2242	
1760	2241	
1761	2240	
1762	2239	
1763	2238	
1764	2237	
1765	2236	
1766	2235	
1767	2234	
1768	2233	
1769	2232	
1770	2231	
1771	2230	
1772	2229	
1773	2228	
1774	2227	
1775	2226	
1776	2225	
1777	2224	
1778	2223	
1779	2222	
1780	2221	
1781	2220	
1782	2219	
1783	2218	
1784	2217	
1785	2216	
1786	2215	
1787	2214	
1788	2213	
1789	2212	
1790	2211	
1791	2210	
1792	2209	
1793	2208	
1794	2207	
1795	2206	
1796	2205	
1797	2204	
1798	2203	
1799	2202	
1800	2201	
1801	2200	
1802	2199	
1803	2198	
1804	2197	
1805	2196	
1806	2195	
1807	2194	
1808	2193	
1809	2192	
1810	2191	
1811	2190	
1812	2189	
1813	2188	
1814	2187	
1815	2186	
1816	2185	
1817	2184	
1818	2183	
1819	2182	
1820	2181	
1821	2180	
1822	2179	
1823	2178	
1824	2177	
1825	2176	
1826	2175	
1827	2174	
1828	2173	
1829	2172	
1830	2171	
1831	2170	
1832	2169	
1833	2168	
1834	2167	
1835	2166	
1836	2165	
1837	2164	
1838	2163	
1839	2162	
1840	2161	
1841	2160	
1842	2159	
1843	2158	
1844	2157	
1845	2156	
1846	2155	
1847	2154	
1848	2153	
1849	2152	
1850	2151	
1851	2150	
1852	2149	
1853	2148	
1854	2147	
1855	2146	
1856	2145	
1857	2144	
1858	2143	
1859	2142	
1860	2141	
1861	2140	
1862	2139	
1863	2138	
1864	2137	
1865	2136	
1866	2135	
1867	2134	
1868	2133	
1869	2132	
1870	2131	
1871	2130	
1872	2129	
1873	2128	
1874	2127	
1875	2126	
1876	2125	
1877	2124	
1878	2123	
1879	2122	
1880	2121	
1881	2120	
1882	2119	
1883	2118	
1884	2117	
1885	2116	
1886	2115	
1887	2114	
1888	2113	
1889	2112	
1890	2111	
1891	2110	
1892	2109	
1893	2108	
1894	2107	
1895	2106	
1896	2105	
1897	2104	
1898	2103	
1899	2102	
1900	2101	
1901	2100	
1902	2099	
1903	2098	
1904	2097	
1905	2096	
1906	2095	
1907	2094	
1908	2093	
1909	2092	
1910	2091	
1911	2090	
1912	2089	
1913	2088	
1914	2087	
1915	2086	
1916	2085	
1917	2084	
1918	2083	
1919	2082	
1920	2081	
1921	2080	
1922	2079	
1923	2078	
1924	2077	
1925	2076	
1926	2075	
1927	2074	
1928	2073	
1929	2072	
1930	2071	
1931	2070	
1932	2069	
1933	2068	
1934	2067	
1935	2066	
1936	2065	
1937	2064	
1938	2063	
1939	2062	
1940	2061	
1941	2060	
1942	2059	
1943	2058	
1944	2057	
1945	2056	
1946	2055	
1947	2054	
1948	2053	
1949	2052	
1950	2051	
1951	2050	
1952	2049	
1953	2048	
1954	2047	
1955	2046	
1956	2045	
1957	2044	
1958	2043	
1959	2042	
1960	2041	
1961	2040	
1962	2039	
1963	2038	
1964	2037	
1965	2036	
1966	2035	
1967	2034	
1968	2033	
1969	2032	
1970	2031	
1971	2030	
1972	2029	
1973	2028	
1974	2027	
1975	2026	
1976	2025	
1977	2024	
1978	2023	
1979	2022	
1980	2021	
1981	2020	
1982	2019	
1983	2018	
1984	2017	
1985	2016	
1986	2015	
1987	2014	
1988	2013	
1989	2012	
1990	2011	
1991	2010	
1992	2009	
1993	2008	
1994	2007	
1995	2006	
1996	2005	
1997	2004	
1998	2003	
1999	2002	
2000	2001	
2001	2000	
2002	1999	
2003	1998	
2004	1997	
2005	1996	
2006	1995	
2007	1994	
2008	1993	
2009	1992	
2010	1991	
2011	1990	
2012	1989	
2013	1988	
2014	1987	
2015	1986	
2016	1985	
2017	1984	
2018	1983	
2019	1982	
2020	1981	
2021	1980	
2022	1979	
2023	1978	
2024	1977	
2025	1976	
2026	1975	
2027	1974	
2028	1973	
2029	1972	
2030	1971	
2031	1970	
2032	1969	
2033	1968	
2034	1967	
2035	1966	
2036	1965	
2037	1964	
2038	1963	
2039	1962	
2040	1961	
2041	1960	
2042	1959	
2043	1958	
2044	1957	
2045	1956	
2046	1955	
2047	1954	
2048	1953	
2049	1952	
2050	1951	
2051	1950	
2052	1949	
2053	1948	
2054	1947	
2055	1946	
2056	1945	
2057	1944	
2058	1943	
2059	1942	
2060	1941	
2061	1940	
2062	1939	
2063	1938	
2064	1937	
2065	1936	
2066	1935	
2067	1934	
2068	1933	
2069	1932	
2070	1931	
2071	1930	
2072	1929	
2073	1928	
2074	1927	
2075	1926	
2076	1925	
2077	1924	
2078	1923	
2079	1922	
2080	1921	
2081	1920	
2082	1919	
2083	1918	
2084	1917	
2085	1916	
2086	1915	
2087	1914	
2088	1913	
2089	1912	
2090	1911	
2091	1910	
2092	1909	
2093	1908	
2094	1907	
2095	1906	
2096	1905	
2097	1904	
2098	1903	
2099	1902	
2100	1901	
2101	1900	
2102	1899	
2103	1898	
2104	1897	
2105	1896	
2106	1895	
2107	1894	
2108	1893	
2109	1892	
2110	1891	
2111	1890	
2112	1889	
2113	1888	
2114	1887	
2115	1886	
2116	1885	
2117	1884	
2118	1883	
2119	1882	
2120	1881	
2121	1880	
2122	1879	
2123	1878	
2124	1877	
2125	1876	
2126	1875	
2127	1874	
2128	1873	
2129	1872	
2130	1871	
2131	1870	
2132	1869	
2133	1868	
2134	1867	
2135	1866	
2136	1865	
2137	1864	
2138	1863	
2139	1862	
2140	1861	
2141	1860	
2142	1859	
2143	1858	
2144	1857	
2145	1856	
2146	1855	
2147	1854	
2148	1853	
2149	1852	
2150	1851	
2151	1850	
2152	1849	
2153	1848	
2154	1847	
2155	1846	
2156	1845	
2157	1844	
2158	1843	
2159	1842	
2160	1841	
2161	1840	
2162	1839	
2163	1838	
2164	1837	
2165	1836	
2166	1835	
2167	1834	
2168	1833	
2169	1832	
2170	1831	
2171	1830	
2172	1829	
2173	1828	
2174	1827	
2175	1826	
2176	1825	
2177	1824	
2178	1823	
2179	1822	
2180	1821	
2181	1820	
2182	1819	
2183	1818	
2184	1817	
2185	1816	
2186	1815	
2187	1814	
2188	1813	
2189	1812	
2190	1811	
2191	1810	
2192	1809	
2193	1808	
2194	1807	
2195	1806	
2196	1805	
2197	1804	
2198	1803	
2199	1802	
2200	1801	
2201	1800	
2202	1799	
2203	1798	
2204	1797	
2205	1796	
2206	1795	
2207	1794	
2208	1793	
2209	1792	
2210	1791	
2211	1790	
2212	1789	
2213	1788	
2214	1787	
2215	1786	
2216	1785	
2217	1784	
2218	1783	
2219	1782	
2220	1781	
2221	1780	
2222	1779	
2223	1778	
2224	1777	
2225	1776	
2226	1775	
2227	1774	
2228	1773	
2229	1772	
2230	1771	
2231	1770	
2232	1769	
2233	1768	
2234	1767	
2235	1766	
2236	1765	
2237	1764	
2238	1763	
2239	1762	
2240	1761	
2241	1760	
2242	1759	
2243	1758	
2244	1757	
2245	1756	
2246	1755	
2247	1754	
2248	1753	
2249	1752	
2250	1751	
2251	1750	
2252	1749	
2253	1748	
2254	1747	
2255	1746	
2256	1745	
2257	1744	
2258	1743	
2259	1742	
2260	1741	
2261	1740	
2262	1739	
2263	1738	
2264	1737	
2265	1736	
2266	1735	
2267	1734	
2268	1733	
2269	1732	
2270	1731	
2271	1730	
2272	1729	
2273	1728	
2274	1727	
2275	1726	
2276	1725	
2277	1724	
2278	1723	
2279	1722	
2280	1721	
2281	1720	
2282	1719	
2283	1718	
2284	1717	
2285	1716	
2286	1715	
2287	1714	
2288	1713	
2289	1712	
2290	1711	
2291	1710	
2292	1709	
2293	1708	
2294	1707	
2295	1706	
2296	1705	
2297	1704	
2298	1703	
2299	1702	
2300	1701	
2301	1700	
2302	1699	
2303	1698	
2304	1697	
2305	1696	
2306	1695	
2307	1694	
2308	1693	
2309	1692	
2310	1691	
2311	1690	
2312	1689	
2313	1688	
2314	1687	
2315	1686	
2316	1685	
2317	1684	
2318	1683	
2319	1682	
2320	1681	
2321	1680	
2322	1679	
2323	1678	
2324	1677	
2325	1676	
2326	1675	
2327	1674	
2328	1673	
2329	1672	
2330	1671	
2331	1670	
2332	1669	
2333	1668	
2334	1667	
2335	1666	
2336	1665	
2337	1664	
2338	1663	
2339	1662	
2340	1661	
2341	1660	
2342	1659	
2343	1658	
2344	1657	
2345	1656	
2346	1655	
2347	1654	
2348	1653	
2349	1652	
2350	1651	
2351	1650	
2352	1649	
2353	1648	
2354	1647	
2355	1646	
2356	1645	
2357	1644	
2358	1643	
2359	1642	
2360	1641	
2361	1640	
2362	1639	
2363	1638	
2364	1637	
2365	1636	
2366	1635	
2367	1634	
2368	1633	
2369	1632	
2370	1631	
2371	1630	
2372	1629	
2373	1628	
2374	1627	
2375	1626	
2376	1625	
2377	1624	
2378	1623	
2379	1622	
2380	1621	
2381	1620	
2382	1619	
2383	1618	
2384	1617	
2385	1616	
2386	1615	
2387	1614	
2388	1613	
2389	1612	
2390	1611	
2391	1610	
2392	1609	
2393	1608	
2394	1607	
2395	1606	
2396	1605	
2397	1604	
2398	1603	
2399	1602	
2400	1601	
2401	1600	
2402	1599	
2403	1598	
2404	1597	
2405	1596	
2406	1595	
2407	1594	
2408	1593	
2409	1592	
2410	1591	
2411	1590	
2412	1589	
2413	1588	
2414	1587	
2415	1586	
2416	1585	
2417	1584	
2418	1583	
2419	1582	
2420	1581	
2421	1580	
2422	1579	
2423	1578	
2424	1577	
2425	1576	
2426	1575	
2427	1574	
2428	1573	
2429	1572	
2430	1571	
2431	1570	
2432	1569	
2433	1568	
2434	1567	
2435	1566	
2436	1565	
2437	1564	
2438	1563	
2439	1562	
2440	1561	
2441	1560	
2442	1559	
2443	1558	
2444	1557	
2445	1556	
2446	1555	
2447	1554	
2448	1553	
2449	1552	
2450	1551	
2451	1550	
2452	1549	
2453	1548	
2454	1547	
2455	1546	
2456	1545	
2457	1544	
2458	1543	
2459	1542	
2460	1541	
2461	1540	
2462	1539	
2463	1538	
2464	1537	
2465	1536	
2466	1535	
2467	1534	
2468	1533	
2469	1532	
2470	1531	
2471	1530	
2472	1529	
2473	1528	
2474	1527	
2475	1526	
2476	1525	
2477	1524	
2478	1523	
2479	1522	
2480	1521	
2481	1520	
2482	1519	
2483	1518	
2484	1517	
2485	1516	
2486	1515	
2487	1514	
2488	1513	
2489	1512	
2490	1511	
2491	1510	
2492	1509	
2493	1508	
2494	1507	
2495	1506	
2496	1505	
2497	1504	
2498	1503	
2499	1502	
2500	1501	
2501	1500	
2502	1499	
2503	1498	
2504	1497	
2505	1496	
2506	1495	
2507	1494	
2508	1493	
2509	1492	
2510	1491	
2511	1490	
2512	1489	
2513	1488	
2514	1487	
2515	1486	
2516	1485	
2517	1484	
2518	1483	
2519	1482	
2520	1481	
2521	1480	
2522	1479	
2523	1478	
2524	1477	
2525	1476	
2526	1475	
2527	1474	
2528	1473	
2529	1472	
2530	1471	
2531	1470	
2532	1469	
2533	1468	
2534	1467	
2535	1466	
2536	1465	
2537	1464	
2538	1463	
2539	1462	
2540	1461	
2541	1460	
2542	1459	
2543	1458	
2544	1457	
2545	1456	
2546	1455	
2547	1454	
2548	1453	
2549	1452	
2550	1451	
2551	1450	
2552	1449	
2553	1448	
2554	1447	
2555	1446	
2556	1445	
2557	1444	
2558	1443	
2559	1442	
2560	1441	
2561	1440	
2562	1439	
2563	1438	
2564	1437	
2565	1436	
2566	1435	
2567	1434	
2568	1433	
2569	1432	
2570	1431	
2571	1430	
2572	1429	
2573	1428	
2574	1427	
2575	1426	
2576	1425	
2577	1424	
2578	1423	
2579	1422	
2580	1421	
2581	1420	
2582	1419	
2583	1418	
2584	1417	
2585	1416	
2586	1415	
2587	1414	
2588	1413	
2589	1412	
2590	1411	
2591	1410	
2592	1409	
2593	1408	
2594	1407	
2595	1406	
2596	1405	
2597	1404	
2598	1403	
2599	1402	
2600	1401	
2601	1400	
2602	1399	
2603	1398	
2604	1397	
2605	1396	
2606	1395	
2607	1394	
2608	1393	
2609	1392	
2610	1391	
2611	1390	
2612	1389	
2613	1388	
2614	1387	
2615	1386	
2616	1385	
2617	1384	
2618	1383	
2619	1382	
2620	1381	
2621	1380	
2622	1379	
2623	1378	
2624	1377	
2625	1376	
2626	1375	
2627	1374	
2628	1373	
2629	1372	
2630	1371	
2631	1370	
2632	1369	
2633	1368	
2634	1367	
2635	1366	
2636	1365	
2637	1364	
2638	1363	
2639	1362	
2640	1361	
2641	1360	
2642	1359	
2643	1358	
2644	1357	
2645	1356	
2646	1355	
2647	1354	
2648	1353	
2649	1352	
2650	1351	
2651	1350	
2652	1349	
2653	1348	
2654	1347	
2655	1346	
2656	1345	
2657	1344	
2658	1343	
2659	1342	
2660	1341	
2661	1340	
2662	1339	
2663	1338	
2664	1337	
2665	1336	
2666	1335	
2667	1334	
2668	1333	
2669	1332	
2670	1331	
2671	1330	
2672	1329	
2673	1328	
2674	1327	
2675	1326	
2676	1325	
2677	1324	
2678	1323	
2679	1322	
2680	1321	
2681	1320	
2682	1319	
2683	1318	
2684	1317	
2685	1316	
2686	1315	
2687	1314	
2688	1313	
2689	1312	
2690	1311	
2691	1310	
2692	1309	
2693	1308	
2694	1307	
2695	1306	
2696	1305	
2697	1304	
2698	1303	
2699	1302	
2700	1301	
2701	1300	
2702	1299	
2703	1298	
2704	1297	
2705	1296	
2706	1295	
2707	1294	
2708	1293	
2709	1292	
2710	1291	
2711	1290	
2712	1289	
2713	1288	
2714	1287	
2715	1286	
2716	1285	
2717	1284	
2718	1283	
2719	1282	
2720	1281	
2721	1280	
2722	1279	
2723	1278	
2724	1277	
2725	1276	
2726	1275	
2727	1274	
2728	1273	
2729	1272	
2730	1271	
2731	1270	
2732	1269	
2733	1268	
2734	1267	
2735	1266	
2736	1265	
2737	1264	
2738	1263	
2739	1262	
2740	1261	
2741	1260	
2742	1259	
2743	1258	
2744	1257	
2745	1256	
2746	1255	
2747	1254	
2748	1253	
2749	1252	
2750	1251	
2751	1250	
2752	1249	
2753	1248	
2754	1247	
2755	1246	
2756	1245	
2757	1244	
2758	1243	
2759	1242	
2760	1241	
2761	1240	
2762	1239	
2763	1238	
2764	1237	
2765	1236	
2766	1235	
2767	1234	
2768	1233	
2769	1232	
2770	1231	
2771	1230	
2772	1229	
2773	1228	
2774	1227	
2775	1226	
2776	1225	
2777	1224	
2778	1223	
2779	1222	
2780	1221	
2781	1220	
2782	1219	
2783	1218	
2784	1217	
2785	1216	
2786	1215	
2787	1214	
2788	1213	
2789	1212	
2790	1211	
2791	1210	
2792	1209	
2793	1208	
2794	1207	
2795	1206	
2796	1205	
2797	1204	
2798	1203	
2799	1202	
2800	1201	
2801	1200	
2802	1199	
2803	1198	
2804	1197	
2805	1196	
2806	1195	
2807	1194	
2808	1193	
2809	1192	
2810	1191	
2811	1190	
2812	1189	
2813	1188	
2814	1187	
2815	1186	
2816	1185	
2817	1184	
2818	1183	
2819	1182	
2820	1181	
2821	1180	
2822	1179	
2823	1178	
2824	1177	
2825	1176	
2826	1175	
2827	1174	
2828	1173	
2829	1172	
2830	1171	
2831	1170	
2832	1169	
2833	1168	
2834	1167	
2835	1166	
2836	1165	
2837	1164	
2838	1163	
2839	1162	
2840	1161	
2841	1160	
2842	1159	
2843	1158	
2844	1157	
2845	1156	
2846	1155	
2847	1154	
2848	1153	
2849	1152	
2850	1151	
2851	1150	
2852	1149	
2853	1148	
2854	1147	
2855	1146	
2856	1145	
2857	1144	
2858	1143	
2859	1142	
2860	1141	
2861	1140	
2862	1139	
2863	1138	
2864	1137	
2865	1136	
2866	1135	
2867	1134	
2868	1133	
2869	1132	
2870	1131	
2871	1130	
2872	1129	
2873	1128	
2874	1127	
2875	1126	
2876	1125	
2877	1124	
2878	1123	
2879	1122	
2880	1121	
2881	1120	
2882	1119	
2883	1118	
2884	1117	
2885	1116	
2886	1115	
2887	1114	
2888	1113	
2889	1112	
2890	1111	
2891	1110	
2892	1109	
2893	1108	
2894	1107	
2895	1106	
2896	1105	
2897	1104	
2898	1103	
2899	1102	
2900	1101	
2901	1100	
2902	1099	
2903	1098	
2904	1097	
2905	1096	
2906	1095	
2907	1094	
2908	1093	
2909	1092	
2910	1091	
2911	1090	
2912	1089	
2913	1088	
2914	1087	
2915	1086	
2916	1085	
2917	1084	
2918	1083	
2919	1082	
2920	1081	
2921	1080	
2922	1079	
2923	1078	
2924	1077	
2925	1076	
2926	1075	
2927	1074	
2928	1073	
2929	1072	
2930	1071	
2931	1070	
2932	1069	
2933	1068	
2934	1067	
2935	1066	
2936	1065	
2937	1064	
2938	1063	
2939	1062	
2940	1061	
2941	1060	
2942	1059	
2943	1058	
2944	1057	
2945	1056	
2946	1055	
2947	1054	
2948	1053	
2949	1052	
2950	1051	
2951	1050	
2952	1049	
2953	1048	
2954	1047	
2955	1046	
2956	1045	
2957	1044	
2958	1043	
2959	1042	
2960	1041	
2961	1040	
2962	1039	
2963	1038	
2964	1037	
2965	1036	
2966	1035	
2967	1034	
2968	1033	
2969	1032	
2970	1031	
2971	1030	
2972	1029	
2973	1028	
2974	1027	
2975	1026	
2976	1025	
2977	1024	
2978	1023	
2979	1022	
2980	1021	
2981	1020	
2982	1019	
2983	1018	
2984	1017	
2985	1016	
2986	1015	
2987	1014	
2988	1013	
2989	1012	
2990	1011	
2991	1010	
2992	1009	
2993	1008	
2994	1007	
2995	1006	
2996	1005	
2997	1004	
2998	1003	
2999	1002	
3000	1001	
3001	1000	
3002	999	
3003	998	
3004	997	
3005	996	
3006	995	
3007	994	
3008	993	
3009	992	
3010	991	
3011	990	
3012	989	
3013	988	
3014	987	
3015	986	
3016	985	
3017	984	
3018	983	
3019	982	
3020	981	
3021	980	
3022	979	
3023	978	
3024	977	
3025	976	
3026	975	
3027	974	
3028	973	
3029	972	
3030	971	
3031	970	
3032	969	
3033	968	
3034	967	
3035	966	
3036	965	
3037	964	
3038	963	
3039	962	
3040	961	
3041	960	
3042	959	
3043	958	
3044	957	
3045	956	
3046	955	
3047	954	
3048	953	
3049	952	
3050	951	
3051	950	
3052	949	
3053	948	
3054	947	
3055	946	
3056	945	
3057	944	
3058	943	
3059	942	
3060	941	
3061	940	
3062	939	
3063	938	
3064	937	
3065	936	
3066	935	
3067	934	
3068	933	
3069	932	
3070	931	
3071	930	
3072	929	
3073	928	
3074	927	
3075	926	
3076	925	
3077	924	
3078	923	
3079	922	
3080	921	
3081	920	
3082	919	
3083	918	
3084	917	
3085	916	
3086	915	
3087	914	
3088	913	
3089	912	
3090	911	
3091	910	
3092	909	
3093	908	
3094	907	
3095	906	
3096	905	
3097	904	
3098	903	
3099	902	
3100	901	
3101	900	
3102	899	
3103	898	
3104	897	
3105	896	
3106	895	
3107	894	
3108	893	
3109	892	
3110	891	
3111	890	
3112	889	
3113	888	
3114	887	
3115	886	
3116	885	
3117	884	
3118	883	
3119	882	
3120	881	
3121	880	
3122	879	
3123	878	
3124	877	
3125	876	
3126	875	
3127	874	
3128	873	
3129	872	
3130	871	
3131	870	
3132	869	
3133	868	
3134	867	
3135	866	
3136	865	
3137	864	
3138	863	
3139	862	
3140	861	
3141	860	
3142	859	
3143	858	
3144	857	
3145	856	
3146	855	
3147	854	
3148	853	
3149	852	
3150	851	
3151	850	
3152	849	
3153	848	
3154	847	
3155	846	
3156	845	
3157	844	
3158	843	
3159	842	
3160	841	
3161	840	
3162	839	
3163	838	
3164	837	
3165	836	
3166	835	
3167	834	
3168	833	
3169	832	
3170	831	
3171	830	
3172	829	
3173	828	
3174	827	
3175	826	
3176	825	
3177	824	
3178	823	
3179	822	
3180	821	
3181	820	
3182	819	
3183	818	
3184	817	
3185	816	
3186	815	
3187	814	
3188	813	
3189	812	
3190	811	
3191	810	
3192	809	
3193	808	
3194	807	
3195	806	
3196	805	
3197	804	
3198	803	
3199	802	
3200	801	
3201	800	
3202	799	
3203	798	
3204	797	
3205	796	
3206	795	
3207	794	
3208	793	
3209	792	
3210	791	
3211	790	
3212	789	
3213	788	
3214	787	
3215	786	
3216	785	
3217	784	
3218	783	
3219	782	
3220	781	
3221	780	
3222	779	
3223	778	
3224	777	
3225	776	
3226	775	
3227	774	
3228	773	
3229	772	
3230	771	
3231	770	
3232	769	
3233	768	
3234	767	
3235	766	
3236	765	
3237	764	
3238	763	
3239	762	
3240	761	
3241	760	
3242	759	
3243	758	
3244	757	
3245	756	
3246	755	
3247	754	
3248	753	
3249	752	
3250	751	
3251	750	
3252	749	
3253	748	
3254	747	
3255	746	
3256	745	
3257	744	
3258	743	
3259	742	
3260	741	
3261	740	
3262	739	
3263	738	
3264	737	
3265	736	
3266	735	
3267	734	
3268	733	
3269	732	
3270	731	
3271	730	
3272	729	
3273	728	
3274	727	
3275	726	
3276	725	
3277	724	
3278	723	
3279	722	
3280	721	
3281	720	
3282	719	
3283	718	
3284	717	
3285	716	
3286	715	
3287	714	
3288	713	
3289	712	
3290	711	
3291	710	
3292	709	
3293	708	
3294	707	
3295	706	
3296	705	
3297	704	
3298	703	
3299	702	
3300	701	
3301	700	
3302	699	
3303	698	
3304	697	
3305	696	
3306	695	
3307	694	
3308	693	
3309	692	
3310	691	
3311	690	
3312	689	
3313	688	
3314	687	
3315	686	
3316	685	
3317	684	
3318	683	
3319	682	
3320	681	
3321	680	
3322	679	
3323	678	
3324	677	
3325	676	
3326	675	
3327	674	
3328	673	
3329	672	
3330	671	
3331	670	
3332	669	
3333	668	
3334	667	
3335	666	
3336	665	
3337	664	
3338	663	
3339	662	
3340	661	
3341	660	
3342	659	
3343	658	
3344	657	
3345	656	
3346	655	
3347	654	
3348	653	
3349	652	
3350	651	
3351	650	
3352	649	
3353	648	
3354	647	
3355	646	
3356	645	
3357	644	
3358	643	
3359	642	
3360	641	
3361	640	
3362	639	
3363	638	
3364	637	
3365	636	
3366	635	
3367	634	
3368	633	
3369	632	
3370	631	
3371	630	
3372	629	
3373	628	
3374	627	
3375	626	
3376	625	
3377	624	
3378	623	
3379	622	
3380	621	
3381	620	
3382	619	
3383	618	
3384	617	
3385	616	
3386	615	
3387	614	
3388	613	
3389	612	
3390	611	
3391	610	
3392	609	
3393	608	
3394	607	
3395	606	
3396	605	
3397	604	
3398	603	
3399	602	
3400	601	
3401	600	
3402	599	
3403	598	
3404	597	
3405	596	
3406	595	
3407	594	
3408	593	
3409	592	
3410	591	
3411	590	
3412	589	
3413	588	
3414	587	
3415	586	
3416	585	
3417	584	
3418	583	
3419	582	
3420	581	
3421	580	
3422	579	
3423	578	
3424	577	
3425	576	
3426	575	
3427	574	
3428	573	
3429	572	
3430	571	
3431	570	
3432	569	
3433	568	
3434	567	
3435	566	
3436	565	
3437	564	
3438	563	
3439	562	
3440	561	
3441	560	
3442	559	
3443	558	
3444	557	
3445	556	
3446	555	
3447	554	
3448	553	
3449	552	
3450	551	
3451	550	
3452	549	
3453	548	
3454	547	
3455	546	
3456	545	
3457	544	
3458	543	
3459	542	
3460	541	12.5
3461	540	12.5
3462	539	12.5
3463	538	12.5
3464	537	4.26
3465	536	4.26
3466	535	4.26
3467	534	4.26
3468	533	8.08
3469	532	8.08
3470	531	16.43
3471	530	16.43
3472	529	8.97
3473	528	8.97
3474	527	8.97
3475	526	10.63
3476	525	10.63
3477	524	10.63
3478	523	27.84
3479	522	27.84
3480	521	41.19
3481	520	41.19
3482	519	41.19
3483	518	12.92
3484	517	12.92
3485	516	12.92
3486	515	15.72
3487	514	15.72
3488	513	15.72
3489	512	14.22
3490	511	14.22
3491	510	14.22
3492	509	14.22
3493	508	14.5
3494	507	14.5
3495	506	23.58
3496	505	23.58
3497	504	18.94
3498	503	25.04
3499	502	27.67
3500	501	27.67
3501	500	39.62
3502	499	39.62
3503	498	19.06
3504	497	19.06
3505	496	20.34
3506	495	20.34
3507	494	18.32
3508	493	18.32
3509	492	10.46
3510	491	10.46
3511	490	27.56
3512	489	27.56
3513	488	21.17
3514	487	21.17
3515	486	21.17
3516	485	21.17
3517	484	21.17
3518	483	20.44
3519	482	20.44
3520	481	20.44
3521	480	20.44
3522	479	20.44
3523	478	11.85
3524	477	11.85
3525	476	11.85
3526	475	10.18
3527	474	10.18
3528	473	10.18
3529	472	10.18
3530	471	14.87
3531	470	14.87
3532	469	14.87
3533	468	14.87
3534	467	8.28
3535	466	8.28
3536	465	8.28
3537	464	8.28
3538	463	6.89
3539	462	7.14
3540	461	7.14
3541	460	12.53
3542	459	12.53
3543	458	12.53
3544	457	12.53
3545	456	12.99
3546	455	12.99
3547	454	12.99
3548	453	12.99
3549	452	10.54
3550	451	10.54
3551	450	10.54
3552	449	10.54
3553	448	9.49
3554	447	29.78
3555	446	29.78
3556	445	26.03
3557	444	26.03
3558	443	7.98
3559	442	7.98
3560	441	7.98
3561	440	7.98
3562	439	7.98
3563	438	6.74
3564	437	6.74
3565	436	6.74
3566	435	7.56
3567	434	7.56
3568	433	7.56
3569	432	7.56
3570	431	7.56
3571	430	7.56
3572	429	7.56
3573	428	9.98
3574	427	9.98
3575	426	10.52
3576	425	10.52
3577	424	10.52
3578	423	10.52
3579	422	15.83
3580	421	15.79
3581	420	15.79
3582	419	15.79
3583	418	16.63
3584	417	16.63
3585	416	16.63
3586	415	9.25
3587	414	9.25
3588	413	8.42
3589	412	8.42
3590	411	6.91
3591	410	6.91
3592	409	4.42
3593	408	4.42
3594	407	4.42
3595	406	12.34
3596	405	12.34
3597	404	12.34
3598	403	12.34
3599	402	12.34
3600	401	12.34
3601	400	12.34
3602	399	12.34
3603	398	12.34
3604	397	14.1
3605	396	14.1
3606	395	14.1
3607	394	14.57
3608	393	14.57
3609	392	14.57
3610	391	16.86
3611	390	16.86
3612	389	16.86
3613	388	19.51
3614	387	19.51
3615	386	19.51
3616	385	10.85
3617	384	10.85
3618	383	10.85
3619	382	10.85
3620	381	12.08
3621	380	12.08
3622	379	12.08
3623	378	22.78
3624	377	22.78
3625	376	22.78
3626	375	22.78
3627	374	7.86
3628	373	7.86
3629	372	7.86
3630	371	7.86
3631	370	7.86
3632	369	8.63
3633	368	8.63
3634	367	8.63
3635	366	8.63
3636	365	8.63
3637	364	18.33
3638	363	18.33
3639	362	18.33
3640	361	18.33
3641	360	18.33
3642	359	9.3
3643	358	9.3
3644	357	9.3
3645	356	9.3
3646	355	9.3
3647	354	9.3
3648	353	9.3
3649	352	9.6
3650	351	9.6
3651	350	9.6
3652	349	9.6
3653	348	9.6
3654	347	9.6
3655	346	9.6
3656	345	16.48
3657	344	16.48
3658	343	16.48
3659	342	16.48
3660	341	16.48
3661	340	16.48
3662	339	16.48
3663	338	16.48
3664	337	16.48
3665	336	16.48
3666	335	16.05
3667	334	16.05
3668	333	16.05
3669	332	16.05
3670	331	16.05
3671	330	16.05
3672	329	16.05
3673	328	16.05
3674	327	16.05
3675	326	21.99
3676	325	21.99
3677	324	21.99
3678	323	21.99
3679	322	7.88
3680	321	7.88
3681	320	7.88
3682	319	7.88
3683	318	6.14
3684	317	6.14
3685	316	6.14
3686	315	6.14
3687	314	4.04
3688	313	4.04
3689	312	4.04
3690	311	7.14
3691	310	7.14
3692	309	11.21
3693	308	11.21
3694	307	11.21
3695	306	8.03
3696	305	8.03
3697	304	8.03
3698	303	14.15
3699	302	14.15
3700	301	14.15
3701	300	14.15
3702	299	14.15
3703	298	2.43
3704	297	2.43
3705	296	2.21
3706	295	2.21
3707	294	4.78
3708	293	4.78
3709	292	4.78
3710	291	4.78
3711	290	4.78
3712	289	6.6
3713	288	6.6
3714	287	6.6
3715	286	6.6
3716	285	6.6
3717	284	6.82
3718	283	6.82
3719	282	6.82
3720	281	6.82
3721	280	6.82
3722	279	6.28
3723	278	6.28
3724	277	6.28
3725	276	6.28
3726	275	10.6
3727	274	10.6
3728	273	10.6
3729	272	10.6
3730	271	10.6
3731	270	15.72
3732	269	15.72
3733	268	15.72
3734	267	15.72
3735	266	15.72
3736	265	35.33
3737	264	35.33
3738	263	35.33
3739	262	35.33
3740	261	35.33
3741	260	28.39
3742	259	28.39
3743	258	28.39
3744	257	28.39
3745	256	28.39
3746	255	28.39
3747	254	28.39
3748	253	51.36
3749	252	51.36
3750	251	51.36
3751	250	4.56
3752	249	2.11
3753	248	2.11
3754	247	6.03
3755	246	6.03
3756	245	6.03
3757	244	4.04
3758	243	4.04
3759	242	3.73
3760	241	3.73
3761	240	3.73
3762	239	4.91
3763	238	4.91
3764	237	4.91
3765	236	6.24
3766	235	6.24
3767	234	6.24
3768	233	6.24
3769	232	6.01
3770	231	6.01
3771	230	6.01
3772	229	6.01
3773	228	6.01
3774	227	12.15
3775	226	12.15
3776	225	12.15
3777	224	12.15
3778	223	12.15
3779	222	11.69
3780	221	11.69
3781	220	11.69
3782	219	11.69
3783	218	11.69
3784	217	11.69
3785	216	11.11
3786	215	11.11
3787	214	11.11
3788	213	11.11
3789	212	9.96
3790	211	9.96
3791	210	9.96
3792	209	9.96
3793	208	9.96
3794	207	16.63
3795	206	16.63
3796	205	16.63
3797	204	16.63
3798	203	28.85
3799	202	28.85
3800	201	28.85
3801	200	28.85
3802	199	1.34
3803	198	1.44
3804	197	1.44
3805	196	2.86
3806	195	2.86
3807	194	2.86
3808	193	3.22
3809	192	3.22
3810	191	3.22
3811	190	3.22
3812	189	6.22
3813	188	6.22
3814	187	6.22
3815	186	10.29
3816	185	10.29
3817	184	10.29
3818	183	10.29
3819	182	8.78
3820	181	8.78
3821	180	8.78
3822	179	5.55
3823	178	5.55
3824	177	5.55
3825	176	5.55
3826	175	3.5
3827	174	3.5
3828	173	3.5
3829	172	3.5
3830	171	6.77
3831	170	6.77
3832	169	5.92
3833	168	5.92
3834	167	3.17
3835	166	2.87
3836	165	4.77
3837	164	5.66
3838	163	4.79
3839	162	5.59
3840	161	4.55
3841	160	4.55
3842	159	2.82
3843	158	2.82
3844	157	5.68
3845	156	5.68
3846	155	6.3
3847	154	6.3
3848	153	6.15
3849	152	6.15
3850	151	6.15
3851	150	8.37
3852	149	8.37
3853	148	13.14
3854	147	13.14
3855	146	13.14
3856	145	2.6
3857	144	2.6
3858	143	2.6
3859	142	3.33
3860	141	3.33
3861	140	4.34
3862	139	4.34
3863	138	3.67
3864	137	3.67
3865	136	3.56
3866	135	3.56
3867	134	3.56
3868	133	2.41
3869	132	2.41
3870	131	2.41
3871	130	2.41
3872	129	3.81
3873	128	3.81
3874	127	3.7
3875	126	3.7
3876	125	3.7
3877	124	7.66
3878	123	7.66
3879	122	7.66
3880	121	7.66
3881	120	7.66
3882	119	7.66
3883	118	6.39
3884	117	6.39
3885	116	6.39
3886	115	6.39
3887	114	6.39
3888	113	6.39
3889	112	6.39
3890	111	3.92
3891	110	3.92
3892	109	3.92
3893	108	3.92
3894	107	4.45
3895	106	4.45
3896	105	4.45
3897	104	4.45
3898	103	6.63
3899	102	6.63
3900	101	6.63
3901	100	6.63
3902	99	5.98
3903	98	5.98
3904	97	4.11
3905	96	4.11
3906	95	7.73
3907	94	7.73
3908	93	3.87
3909	92	3.87
3910	91	3.15
3911	90	3.15
3912	89	1.37
3913	88	1.37
3914	87	1.14
3915	86	1.14
3916	85	2.67
3917	84	2.8
3918	83	6.12
3919	82	6.12
3920	81	6.12
3921	80	6.12
3922	79	6.12
3923	78	6.12
3924	77	6.36
3925	76	6.36
3926	75	6.36
3927	74	6.36
3928	73	6.36
3929	72	6.36
3930	71	6.36
3931	70	16.15
3932	69	16.15
3933	68	30.9
3934	67	30.9
3935	66	30.9
3936	65	3.66
3937	64	3.66
3938	63	3.66
3939	62	4.36
3940	61	4.36
3941	60	4.06
3942	59	4.06
3943	58	4.06
3944	57	2.58
3945	56	2.58
3946	55	3.4
3947	54	3.4
3948	53	3.4
3949	52	3.4
3950	51	3.4
3951	50	3.4
3952	49	3.4
3953	48	3.4
3954	47	3.4
3955	46	3.4
3956	45	3.4
3957	44	3.4
3958	43	3.4
3959	42	3.4
3960	41	3.4
3961	40	3.69
3962	39	3.69
3963	38	3.69
3964	37	12.37
3965	36	12.37
3966	35	12.37
3967	34	12.37
3968	33	4.98
3969	32	4.98
3970	31	4.98
3971	30	4.98
3972	29	4.98
3973	28	1.6
3974	27	1.6
3975	26	1.6
3976	25	1.6
3977	24	1.6
3978	23	1.7
3979	22	1.7
3980	21	1.7
3981	20	2.03
3982	19	2.03
3983	18	2.03
3984	17	2.03
3985	16	2.03
3986	15	4.64
3987	14	4.64
3988	13	4.64
3989	12	4.64
3990	11	2.35
3991	10	2.35
3992	9	2.35
3993	8	2.35
3994	7	1.9
3995	6	1.9
3996	5	3.08
3997	4	3.08
3998	3	3.36
3999	2	3.36
4000	1	1.25
4001	0	1.25